[N
163
108
12 tipd_enclkos
46
10 CLKOS2_DIV
56
12 CLKOP_FPHASE
21
31 uart_rs232_fifo_wrap_controller
91
10 INTFB_WAKE
34
11 PWM_DIVIDER
145
6 pllstb
42
8 CLKI_DIV
58
13 CLKOS2_FPHASE
87
10 PLLRST_ENA
133
5 stdby
2
8 spr16x4c
4
7 initval
16
4 BAUD
45
9 CLKOS_DIV
86
12 STDBY_ENABLE
151
8 plladdr0
38
11 reset_delay
149
8 plladdr2
148
8 plladdr3
147
8 plladdr4
1
57 C:/lscc/diamond/3.14/cae_library/simulation/libs/machxo3d
67
16 CLKOS_TRIM_DELAY
50
13 CLKOS2_ENABLE
54
13 CLKOS2_CPHASE
78
16 OUTDIVIDER_MUXC2
79
16 OUTDIVIDER_MUXD2
8
46 C:/Users/kwlyon/Box/Codex/HW9_5_Code/sim2/work
43
9 CLKFB_DIV
62
9 FRACN_DIV
114
10 tipd_pllwe
77
16 OUTDIVIDER_MUXB2
109
13 tipd_enclkos2
110
13 tipd_enclkos3
159
8 plldati0
33
9 PWM_WIDTH
66
14 CLKOS_TRIM_POL
10
3 rtl
85
13 DPHASE_SOURCE
3
1 v
143
6 pllclk
152
8 plldati7
130
8 phasedir
84
15 INT_LOCK_STICKY
76
16 OUTDIVIDER_MUXA2
135
3 rst
150
8 plladdr1
112
11 tipd_pllrst
82
11 REFIN_RESET
158
8 plldati1
157
8 plldati2
48
12 CLKOP_ENABLE
35
13 REG_BASE_ADDR
11
5 WIDTH
153
8 plldati6
163
18 RESET_DELAY_CYCLES
103
8 tipd_rst
12
5 DEPTH
52
12 CLKOP_CPHASE
94
9 tipd_clki
59
13 CLKOS3_FPHASE
154
8 plldati5
132
7 loadreg
80
14 PLL_LOCK_DELAY
118
13 tipd_plladdr1
117
13 tipd_plladdr2
116
13 tipd_plladdr3
49
12 CLKOS_ENABLE
156
8 plldati3
155
8 plldati4
72
16 PREDIVIDER_MUXA1
81
13 PLL_LOCK_MODE
24
16 adc_spram_client
63
10 PLL_USE_WB
119
13 tipd_plladdr0
146
5 pllwe
115
13 tipd_plladdr4
144
6 pllrst
73
16 PREDIVIDER_MUXB1
6
3 ad0
7
3 ad1
92
3 XOn
15
11 CLK_FREQ_HZ
41
3 FIN
131
9 phasestep
31
11 ACTIVE_HIGH
141
8 enclkos2
14
10 behavioral
40
7 ehxpllj
27
13 ADC_BASE_ADDR
60
11 FEEDBK_PATH
25
11 ADC_CLK_DIV
20
20 uart_rs232_fifo_wrap
13
10 uart_rs232
47
10 CLKOS3_DIV
113
11 tipd_pllstb
142
8 enclkos3
51
13 CLKOS3_ENABLE
128
9 phasesel0
55
13 CLKOS3_CPHASE
26
18 SAMPLE_PERIOD_CLKS
75
16 PREDIVIDER_MUXD1
74
16 PREDIVIDER_MUXC1
93
5 MsgOn
89
9 DCRST_ENA
57
12 CLKOS_FPHASE
17
9 DATA_BITS
98
13 tipd_phasedir
90
9 DDRST_ENA
97
14 tipd_phasesel0
96
14 tipd_phasesel1
18
9 STOP_BITS
129
9 phasesel1
137
6 resetc
138
6 resetd
100
12 tipd_loadreg
71
13 VCO_BYPASS_D0
23
7 CLK_DIV
101
10 tipd_stdby
99
14 tipd_phasestep
127
13 tipd_plldati0
126
13 tipd_plldati1
125
13 tipd_plldati2
124
13 tipd_plldati3
123
13 tipd_plldati4
122
13 tipd_plldati5
70
13 VCO_BYPASS_C0
120
13 tipd_plldati7
136
6 resetm
65
16 CLKOP_TRIM_DELAY
111
11 tipd_pllclk
36
11 POLL_CYCLES
69
13 VCO_BYPASS_B0
121
13 tipd_plldati6
134
11 pllwakesync
64
14 CLKOP_TRIM_POL
160
5 clock
68
13 VCO_BYPASS_A0
61
12 FRACN_ENABLE
37
17 BLINK_TICK_CYCLES
83
11 SYNC_ENABLE
105
11 tipd_resetc
106
11 tipd_resetd
22
17 ad7928_spi_master
88
8 MRST_ENA
104
11 tipd_resetm
30
11 CLK_DIVIDER
161
8 OSC_FREQ
53
12 CLKOS_CPHASE
95
10 tipd_clkfb
19
6 PARITY
102
16 tipd_pllwakesync
139
7 enclkop
140
7 enclkos
32
16 pwm_spram_client
5
8 rom16x1a
39
12 DELAY_CYCLES
29
13 COUNTER_WIDTH
28
11 pwm_generic
162
14 uart_spram_top
44
9 CLKOP_DIV
107
12 tipd_enclkop
9
14 my_own_fn_fifo
]
[G
8
162
10
1
16
1
0
9600
0
0 0
0
0
]
[G
1
40
3
1
51
0
0
0
0
8 8
68
73
83
65
66
76
69
68
1
1
1 8 1 1
]
[G
1
40
3
1
59
0
0
0
0
0 0
0
0
]
[G
1
40
3
1
42
0
0
1
0
0 0
0
0
]
[G
1
40
3
1
71
0
0
0
0
8 8
68
73
83
65
66
76
69
68
1
1
1 8 1 1
]
[G
1
40
3
1
70
0
0
0
0
8 8
68
73
83
65
66
76
69
68
1
1
1 8 1 1
]
[G
8
162
10
1
19
0
0
0
0
0 0
0
0
]
[G
8
28
10
1
31
0
0
1
0
0 0
0
0
]
[G
8
13
14
1
15
1
0
24930000
0
0 0
0
0
]
[G
1
40
3
1
69
0
0
0
0
8 8
68
73
83
65
66
76
69
68
1
1
1 8 1 1
]
[G
1
40
3
1
56
0
0
0
0
0 0
0
0
]
[G
8
32
10
1
37
1
0
24930
0
0 0
0
0
]
[G
8
20
10
1
18
0
0
1
0
0 0
0
0
]
[G
8
162
10
1
17
0
0
8
0
0 0
0
0
]
[G
1
40
3
1
68
0
0
0
0
8 8
68
73
83
65
66
76
69
68
1
1
1 8 1 1
]
[G
1
40
3
1
114
0
0
0
0
16 1
0
0
0
]
[G
1
40
3
1
109
0
0
0
0
16 1
0
0
0
]
[G
1
40
3
1
110
0
0
0
0
16 1
0
0
0
]
[G
1
40
3
1
82
0
0
0
0
8 8
68
73
83
65
66
76
69
68
1
1
1 8 1 1
]
[G
1
40
3
1
94
0
0
0
0
16 1
0
0
0
]
[G
1
40
3
1
103
0
0
0
0
16 1
0
0
0
]
[G
1
40
3
1
58
0
0
0
0
0 0
0
0
]
[G
8
32
10
1
35
0
0
256
0
0 0
0
0
]
[G
1
40
3
1
47
0
0
1
0
0 0
0
0
]
[G
1
40
3
1
86
0
0
0
0
8 8
68
73
83
65
66
76
69
68
1
1
1 8 1 1
]
[G
8
32
10
1
34
1
0
1
0
0 0
0
0
]
[G
8
162
10
1
163
1
0
16
0
0 0
0
0
]
[G
8
21
14
1
16
1
0
9600
0
0 0
0
0
]
[G
8
21
14
1
19
0
0
0
0
0 0
0
0
]
[G
1
40
3
1
112
0
0
0
0
16 1
0
0
0
]
[G
1
40
3
1
84
0
0
0
0
7 0
69
78
65
66
76
69
68
1
1
1 7 1 1
]
[G
1
40
3
1
83
0
0
0
0
8 8
68
73
83
65
66
76
69
68
1
1
1 8 1 1
]
[G
1
40
3
1
119
0
0
0
0
16 1
0
0
0
]
[G
1
40
3
1
118
0
0
0
0
16 1
0
0
0
]
[G
8
32
10
1
15
0
0
24930000
0
0 0
0
0
]
[G
1
40
3
1
116
0
0
0
0
16 1
0
0
0
]
[G
1
40
3
1
115
0
0
0
0
16 1
0
0
0
]
[G
8
24
10
1
26
1
0
4096
0
0 0
0
0
]
[G
1
40
3
1
53
0
0
0
0
0 0
0
0
]
[G
1
40
3
1
117
0
0
0
0
16 1
0
0
0
]
[G
1
40
3
1
44
0
0
21
0
0 0
0
0
]
[G
1
40
3
1
60
0
0
0
0
5 0
67
76
75
79
80
1
1
1 5 1 1
]
[G
8
13
14
1
18
0
0
1
0
0 0
0
0
]
[G
1
40
3
1
66
0
0
0
0
7 0
70
65
76
76
73
78
71
1
1
1 7 1 1
]
[G
8
162
10
1
15
1
0
24930000
0
0 0
0
0
]
[G
8
21
14
1
17
0
0
8
0
0 0
0
0
]
[G
8
24
10
1
27
0
0
512
0
0 0
0
0
]
[G
1
40
3
1
62
0
0
0
0
0 0
0
0
]
[G
1
40
3
1
98
0
0
0
0
16 1
0
0
0
]
[G
1
40
3
1
113
0
0
0
0
16 1
0
0
0
]
[G
1
40
3
1
48
0
0
0
0
7 0
69
78
65
66
76
69
68
1
1
1 7 1 1
]
[G
8
24
10
1
25
1
0
5
0
0 0
0
0
]
[G
1
40
3
1
93
0
0
0
0
0 0
0
0
]
[G
1
40
3
1
46
0
0
1
0
0 0
0
0
]
[G
1
40
3
1
63
0
0
0
0
8 8
68
73
83
65
66
76
69
68
1
1
1 8 1 1
]
[G
1
40
3
1
45
0
0
1
0
0 0
0
0
]
[G
8
20
10
1
16
1
0
9600
0
0 0
0
0
]
[G
8
20
10
1
19
0
0
0
0
0 0
0
0
]
[G
1
40
3
1
50
0
0
0
0
8 8
68
73
83
65
66
76
69
68
1
1
1 8 1 1
]
[G
1
5
3
1
4
0
0
0
0
16 0
3
2
2
2
2
2
2
2
2
2
2
2
2
2
2
2
0
0
]
[G
1
5
3
2
4
0
0
0
0
16 0
3
2
2
2
2
2
2
2
2
2
2
2
2
2
2
2
0
0
]
[G
8
32
10
1
33
1
0
12
0
0 0
0
0
]
[G
1
40
3
1
43
0
0
3
0
0 0
0
0
]
[G
1
40
3
1
100
0
0
0
0
16 1
0
0
0
]
[G
1
40
3
1
65
0
0
0
0
0 0
0
0
]
[G
1
40
3
1
75
0
0
0
0
0 0
0
0
]
[G
1
40
3
1
96
0
0
0
0
16 1
0
0
0
]
[G
1
40
3
1
55
0
0
0
0
0 0
0
0
]
[G
1
40
3
1
57
0
0
0
0
0 0
0
0
]
[G
1
40
3
1
67
0
0
0
0
0 0
0
0
]
[G
1
40
3
1
87
0
0
0
0
8 8
68
73
83
65
66
76
69
68
1
1
1 8 1 1
]
[G
1
40
3
1
126
0
0
0
0
16 1
0
0
0
]
[G
1
40
3
1
125
0
0
0
0
16 1
0
0
0
]
[G
1
40
3
1
124
0
0
0
0
16 1
0
0
0
]
[G
1
40
3
1
123
0
0
0
0
16 1
0
0
0
]
[G
1
40
3
1
122
0
0
0
0
16 1
0
0
0
]
[G
1
40
3
1
121
0
0
0
0
16 1
0
0
0
]
[G
1
40
3
1
120
0
0
0
0
16 1
0
0
0
]
[G
1
40
3
1
74
0
0
0
0
0 0
0
0
]
[G
1
40
3
1
97
0
0
0
0
16 1
0
0
0
]
[G
1
40
3
1
61
0
0
0
0
8 8
68
73
83
65
66
76
69
68
1
1
1 8 1 1
]
[G
1
40
3
1
99
0
0
0
0
16 1
0
0
0
]
[G
1
40
3
1
92
0
0
0
0
0 0
0
0
]
[G
1
40
3
1
127
0
0
0
0
16 1
0
0
0
]
[G
1
40
3
1
111
0
0
0
0
16 1
0
0
0
]
[G
8
162
10
1
18
0
0
1
0
0 0
0
0
]
[G
8
21
14
1
15
1
0
24930000
0
0 0
0
0
]
[G
1
40
3
1
73
0
0
0
0
0 0
0
0
]
[G
1
40
3
1
101
0
0
0
0
16 1
0
0
0
]
[G
8
160
10
1
161
0
0
0
0
4 0
56
46
51
49
1
1
1 4 1 1
]
[G
1
40
3
1
81
0
0
2
0
0 0
0
0
]
[G
1
40
3
1
41
0
0
0
0
5 0
49
48
48
46
48
1
1
1 5 1 1
]
[G
8
20
10
1
17
0
0
8
0
0 0
0
0
]
[G
1
40
3
1
72
0
0
0
0
0 0
0
0
]
[G
1
40
3
1
105
0
0
0
0
16 1
0
0
0
]
[G
1
40
3
1
106
0
0
0
0
16 1
0
0
0
]
[G
8
38
10
1
39
1
0
16
0
0 0
0
0
]
[G
1
40
3
1
78
0
0
0
0
4 0
68
73
86
67
1
1
1 4 1 1
]
[G
1
40
3
1
80
0
0
100
0
0 0
0
0
]
[G
1
40
3
1
49
0
0
0
0
8 8
68
73
83
65
66
76
69
68
1
1
1 8 1 1
]
[G
1
40
3
1
85
0
0
0
0
8 8
68
73
83
65
66
76
69
68
1
1
1 8 1 1
]
[G
1
2
3
1
4
0
0
0
0
18 0
48
120
48
48
48
48
48
48
48
48
48
48
48
48
48
48
48
48
1
1
1 18 1 1
]
[G
1
40
3
1
79
0
0
0
0
4 0
68
73
86
68
1
1
1 4 1 1
]
[G
8
13
14
1
16
1
0
9600
0
0 0
0
0
]
[G
8
13
14
1
19
0
0
0
0
0 0
0
0
]
[G
8
28
10
1
29
1
0
12
0
0 0
0
0
]
[G
1
40
3
1
104
0
0
0
0
16 1
0
0
0
]
[G
1
40
3
1
54
0
0
0
0
0 0
0
0
]
[G
1
40
3
1
76
0
0
0
0
4 0
68
73
86
65
1
1
1 4 1 1
]
[G
1
40
3
1
102
0
0
0
0
16 1
0
0
0
]
[G
8
24
10
1
15
0
0
24930000
0
0 0
0
0
]
[G
1
40
3
1
77
0
0
0
0
4 0
68
73
86
66
1
1
1 4 1 1
]
[G
1
40
3
1
95
0
0
0
0
16 1
0
0
0
]
[G
1
40
3
1
64
0
0
0
0
6 0
82
73
83
73
78
71
1
1
1 6 1 1
]
[G
8
22
10
1
23
1
0
5
0
0 0
0
0
]
[G
8
32
10
1
36
1
0
4096
0
0 0
0
0
]
[G
8
28
10
1
30
1
0
1
0
0 0
0
0
]
[G
8
21
14
1
18
0
0
1
0
0 0
0
0
]
[G
8
13
14
1
17
0
0
8
0
0 0
0
0
]
[G
1
40
3
1
52
0
0
20
0
0 0
0
0
]
[G
8
162
10
1
161
0
0
0
0
4 0
56
46
51
49
1
1
1 4 1 1
]
[G
8
20
10
1
15
1
0
24930000
0
0 0
0
0
]
[G
1
40
3
1
89
0
0
0
0
8 8
68
73
83
65
66
76
69
68
1
1
1 8 1 1
]
[G
1
40
3
1
91
0
0
0
0
8 8
68
73
83
65
66
76
69
68
1
1
1 8 1 1
]
[G
8
9
10
1
11
1
0
8
0
0 0
0
0
]
[G
1
40
3
1
108
0
0
0
0
16 1
0
0
0
]
[G
1
40
3
1
88
0
0
0
0
8 8
68
73
83
65
66
76
69
68
1
1
1 8 1 1
]
[G
1
40
3
1
90
0
0
0
0
8 8
68
73
83
65
66
76
69
68
1
1
1 8 1 1
]
[G
1
40
3
1
107
0
0
0
0
16 1
0
0
0
]
[G
8
9
10
1
12
1
0
256
0
0 0
0
0
]
[P
1
40
3
133
129
1
0
0
]
[P
1
40
3
151
129
1
0
0
]
[P
1
40
3
150
129
1
0
0
]
[P
1
40
3
149
129
1
0
0
]
[P
1
40
3
148
129
1
0
0
]
[P
1
40
3
147
129
1
0
0
]
[P
1
40
3
143
129
1
0
0
]
[P
1
40
3
135
129
1
0
0
]
[P
1
40
3
159
129
1
0
0
]
[P
1
40
3
158
129
1
0
0
]
[P
1
40
3
157
129
1
0
0
]
[P
1
40
3
156
129
1
0
0
]
[P
1
40
3
155
129
1
0
0
]
[P
1
40
3
154
129
1
0
0
]
[P
1
40
3
153
129
1
0
0
]
[P
1
40
3
152
129
1
0
0
]
[P
1
40
3
130
129
1
0
0
]
[P
1
40
3
132
129
1
0
0
]
[P
1
40
3
146
129
1
0
0
]
[P
1
40
3
144
129
1
0
0
]
[P
1
40
3
131
129
1
0
0
]
[P
1
40
3
141
129
1
0
0
]
[P
1
40
3
142
129
1
0
0
]
[P
1
40
3
128
129
1
0
0
]
[P
1
40
3
134
129
1
0
0
]
[P
1
40
3
137
129
1
0
0
]
[P
1
40
3
138
129
1
0
0
]
[P
1
40
3
136
129
1
0
0
]
[P
1
40
3
139
129
1
0
0
]
[P
1
40
3
140
129
1
0
0
]
[P
1
5
3
6
7
2
0
0
]
[P
1
40
3
145
129
1
0
0
]
